42.8281 83.7813 210.578 83.8906 54.2656 131.359 69.0938 156.703 96.2188 186.641 185 190.688 75.6563 81.6719 84.4688 40.5 146.922 197.734 42.1094 57.2813 77.125 78.5313 45.6406 168.203 42.8281 136.734 198.172 34.2344 198.297 66.25 71.0625 42.375 
97.012 100.293 109.098 134.932 145.676 124.909 144.343 138.246 103.357 128.304 117.833 136.037 126.625 124.521 135.185 127.094 141.14 120.762 124.783 135.116 130.121 107.567 114.764 160.622 118.874 128.218 106.394 128.182 129.918 135.866 108.127 117.893 
88 148 94 52 99 179 172 105 34 184 142 203 86 104 98 115 57 186 66 154 151 73 181 66 206 118 75 52 130 60 144 177 
87 147 98 48 93 185 165 107 39 187 133 202 103 100 87 114 52 188 74 147 149 69 192 68 213 115 70 52 120 59 151 179 
83.25 151 103.5 50.25 95 180.25 169.25 111.5 31 187.75 136.75 200.75 102.25 102.25 84 104.75 52.5 182.25 81.25 146.25 158.25 63.5 189.75 71.75 210.75 111.5 73 53.5 129.25 59 151.75 172.25 
87 150.5 102 50.5 95.5 184 168 111 35 190 135.5 201.5 99 103 89 106.5 50 185.5 74 152.5 153 63.5 187 61.5 215.5 112.5 73.5 58.5 122 64 156.5 170 
84 154 96 53 97.5 184.5 167 105.5 31 186 144.5 197 100.5 101 86 115 55.5 184.5 74 152.5 154 71.5 187 66 208 117 76.5 55.5 124.5 59.5 157.5 176 
86.5 147.25 99.25 57.25 96.5 182.75 170.5 110.5 39 181.5 141.5 202 98 102.75 89.5 115.5 54.5 182.5 76 154 148.75 70 185 70.25 209.75 116.5 72 56.75 125.25 64.25 150.75 182 
92 148 101 50 94 182 165 99 43 190 138 201 98 105 85 124 50 187 78 151 156 63 183 75 213 125 76 47 121 63 152 180 
90 154 100 50 99 188 167 108 36 190 138 191 102 98 86 110 53 195 73 151 159 69 188 76 214 117 76 56 122 66 151 168 
84.3125 151.375 99.8438 51.8438 96.4375 185.625 169.531 107.469 36.5938 186.156 138.875 200.281 100.063 104 87.6875 113.938 53.5625 186.125 77.125 152.375 154.75 69.25 188.281 64.8438 214.188 115.656 75.3125 55.0938 124.031 64.7188 153.344 177 
83.3333 151.333 99.6667 51.3333 95.3333 184 169 107.667 36.3333 186.333 139 201.667 99.6667 102 89 113.333 54.3333 187.333 76 151.667 155 70.3333 190.333 63.6667 212.333 116.667 76 54 123.333 64 155.333 177.667 
83 149 99 51 96 187 169 108 34 191 142 198 102 102 91 114 55 184 81 149 153 68 190 65 213 118 73 55 125 63 155 178 
84 157 96.5 58.5 99.5 184 165.5 105.5 35 188.5 138 197.5 96 103.5 87 113.5 54 183 80 153 157.5 71.5 184.5 65 218.5 119 77.5 56.5 123 66.5 155 177.5 
86.5 149 105 54 92.25 182 173.25 109.25 38.75 187.75 138.25 203 97.5 106.75 86.25 109.25 50.25 188 78.25 148.5 155.75 72.75 189 69.75 214.5 114.75 77.75 56 130.75 65.25 150 174.75 
84 158 98 51 98 184 172 109 34 186 142 202 103 106 89 113 54 188 78 154 150 68 190 63 212 114 72 55 121 73 156 174 
83 150 100 52 98 187 170 112 35 188 134 202 99 107 90 114 57 185 76 154 154 67 188 69 218 116 75 55 125 66 152 179 
87.6667 155 99 45 97.3333 182 168.333 105.333 31.6667 188 138.667 205.667 100 104 95 117.667 61 183.667 86.3333 156 155 71 190.667 64.3333 219 121.333 76.6667 56 123 68 156.333 179.667 
87 159 96 65 97 193 164 112 49 200 157 202 102 107 73 99 64 192 80 136 159 71 196 74 212 114 69 52 123 54 177 195 
141.172 206.156 76.1094 150.75 181.938 148.453 159.656 88.375 76.7031 119.656 199.281 106.453 99.9375 203.891 36.7969 112.844 179.203 171.016 186.781 79.6094 78.8594 212.344 204.172 155.438 180.5 50.6094 32.6719 198.422 68.375 197.656 69.0625 119.172 
