42.8281 83.7813 210.578 83.8906 54.2656 131.359 69.0938 156.703 96.2188 186.641 185 190.688 75.6563 81.6719 84.4688 40.5 146.922 197.734 42.1094 57.2813 77.125 78.5313 45.6406 168.203 42.8281 136.734 198.172 34.2344 198.297 66.25 71.0625 42.375 
97.012 100.293 109.098 134.932 145.676 124.909 144.343 138.246 103.357 128.304 117.833 136.037 126.625 124.521 135.185 127.094 141.14 120.762 124.783 135.116 130.121 107.567 114.764 160.622 118.874 128.218 106.394 128.182 129.918 135.866 108.127 117.893 
75 158 104 57 103 179 166 107 32 185 130 202 107 103 86 106 48 179 82 147 155 58 194 67 207 115 67 49 126 55 153 167 
88 148 94 52 99 179 172 105 34 184 142 203 86 104 98 115 57 186 66 154 151 73 181 66 206 118 75 52 130 60 144 177 
85 149 98.5 54.5 92.5 179 167 112 34.5 180.5 136 201 100 103.5 82.5 112.5 52.5 185.5 80.5 148 151 64 191 73.5 210.5 115 76.5 55.5 133.5 66.5 147.5 172.5 
87 147 98 48 93 185 165 107 39 187 133 202 103 100 87 114 52 188 74 147 149 69 192 68 213 115 70 52 120 59 151 179 
87 150 101 52 94 186 169 107 35 186 135 197 99 103 87 110 50 184 75 151 151 67 192 61 217 112 73 57 121 63 155 173 
86 154 98 56 99 183 168 102 31 186 146 194 102 100 88 115 54 183 74 152 153 71 191 63 203 119 78 56 124 57 155 175 
84 152 97 55 97 184 164 103 37 186 140 198 97 103 89 110 54 182 79 152 155 70 187 66 215 119 76 55 121 65 152 176 
86 142 101 64 105 183 172 116 49 180 147 196 90 91 90 122 64 176 75 153 153 72 186 69 209 120 68 56 123 67 144 181 
87 147 95 55 96 184 173 111 33 183 139 207 99 106 96 111 50 182 77 156 148 67 184 70 214 113 71 52 122 58 150 181 
88 145 105.5 47.5 90.5 178.5 172.5 107.5 34 188 143 206 98.5 101 91 108 49.5 180 79 147 160 68 189.5 68 210.5 116 80.5 53.5 134 58.5 155 167.5 
87 151 103 49 97 182 167 115 35 194 136 206 99 103 91 103 50 187 73 154 155 60 182 62 214 113 74 60 123 65 158 167 
79 150 105 52 92 177 177 107 40 180 136 203 92 112 81 111 51 188 72 147 163 66 187 71 215 115 68 61 132 63 158 174 
92 148 101 50 94 182 165 99 43 190 138 201 98 105 85 124 50 187 78 151 156 63 183 75 213 125 76 47 121 63 152 180 
84.3333 150.667 99.6667 52 96 186.333 169.667 107.333 36.3333 185.667 139 199.667 99.3333 104 88 114.667 53.6667 185 77 153 154.667 68 187.667 64.6667 215.333 115 75.3333 54.6667 125.333 64 153.333 175.667 
89 151 109 49 94 185 172 114 26 199 136 198 101 100 85 96 58 189 78 147 156 72 180 75 214 108 75 56 122 58 149 184 
83.6667 151.667 99 52.6667 95.3333 184 168.333 107.667 36 186 139.667 200 100.333 104.667 88.3333 115 53.3333 186.667 77.6667 151.333 154.667 70 190 63.3333 213.333 115 75 54.3333 123.333 62.3333 153.333 178.333 
90 154 100 50 99 188 167 108 36 190 138 191 102 98 86 110 53 195 73 151 159 69 188 76 214 117 76 56 122 66 151 168 
84 151.667 97.3333 52 96.6667 185.333 168.667 108.667 33.6667 187.667 140.333 199 100 103 85.6667 114 54.6667 186.333 75.3333 152.667 153.333 71 186 67 214.667 116.667 75.3333 55 124 63.6667 156 176.333 
84 151 99 52 96 188 167 105 37 185 139 201 99 105 86 115 53 188 79 153 155 69 189 63 213 118 76 51 121 64 152 179 
84.5 152 99.5 51.75 94.5 185.5 169.25 107.25 37 186.25 138.25 200.75 100.75 104.25 88.25 112.75 53.5 185.25 75.75 151.25 155.75 69.75 188.75 64.5 213.5 115.5 76.5 55.75 125.25 66.25 153.5 177 
84.1176 151.824 100.118 51.6471 96.7059 185.706 169.235 107.235 36.5882 186.176 138.765 200.294 99.9412 103.882 87.7647 113.647 53.8824 186.059 77.2941 152.412 154.824 69.7059 188.588 65.2353 213.941 115.882 75.0588 55.1765 123.824 64.6471 153.412 177 
85 148 105 52 95 181 172 115 35 186 143 201 104 103 84 117 52 185 76 149 154 64 188 64 213 116 73 55 125 71 155 177 
83 149 99 51 96 187 169 108 34 191 142 198 102 102 91 114 55 184 81 149 153 68 190 65 213 118 73 55 125 63 155 178 
83 150 100 50 97 183 172 106 38 188 138 203 101 99 89 111 56 188 75 152 154 69 190 64 211 118 76 53 125 66 157 178 
84 153 100 52 98 187 171 105 38 185 140 202 98 104 89 115 53 186 78 155 154 69 186 66 214 115 76 54 126 66 152 175 
84 152 100 52 96 187 171 109 38 187 140 198 99 104 88 113 54 186 76 153 155 70 190 64 216 114 76 54 124 64 153 176 
86 147 96 50 100 186 171 108 37 183 135 205 98 103 90 116 51 193 79 155 157 67 184 62 216 113 77 60 119 60 154 181 
87 151 97 45 94 179 163 100 30 184 138 208 100 107 93 120 66 177 91 156 151 67 185 62 222 119 74 65 122 68 154 182 
84 158 98 51 98 184 172 109 34 186 142 202 103 106 89 113 54 188 78 154 150 68 190 63 212 114 72 55 121 73 156 174 
83 150 100 52 98 187 170 112 35 188 134 202 99 107 90 114 57 185 76 154 154 67 188 69 218 116 75 55 125 66 152 179 
92 152 106 54 93 190 170 107 43 187 134 207 99 109 84 103 53 193 78 153 151 75 190 62 216 110 76 53 126 69 144 179 
85 152 102 55 93 186 172 108 38 185 145 201 106 111 85 115 51 185 78 157 149 76 182 71 208 112 76 60 125 63 156 189 
86 149 101 56 93 181 171 116 37 192 141 195 100 106 85 113 50 188 83 145 154 75 191 79 215 116 76 60 130 71 151 181 
84 162 96 62 102 184 167 108 33 191 136 197 95 104 85 117 54 184 81 154 160 73 182 64 222 119 79 58 125 68 158 179 
89 155 96 46 98 184 170 107 33 195 138 204 99 110 98 118 56 189 84 154 155 74 188 69 214 121 80 54 125 72 154 175 
87 159 104 44 100 183 172 109 32 185 140 205 101 95 94 115 61 185 84 158 159 72 199 62 221 124 76 49 122 64 161 182 
87 159 96 65 97 193 164 112 49 200 157 202 102 107 73 99 64 192 80 136 159 71 196 74 212 114 69 52 123 54 177 195 
141.172 206.156 76.1094 150.75 181.938 148.453 159.656 88.375 76.7031 119.656 199.281 106.453 99.9375 203.891 36.7969 112.844 179.203 171.016 186.781 79.6094 78.8594 212.344 204.172 155.438 180.5 50.6094 32.6719 198.422 68.375 197.656 69.0625 119.172 
