42.8281 83.7813 210.578 83.8906 54.2656 131.359 69.0938 156.703 96.2188 186.641 185 190.688 75.6563 81.6719 84.4688 40.5 146.922 197.734 42.1094 57.2813 77.125 78.5313 45.6406 168.203 42.8281 136.734 198.172 34.2344 198.297 66.25 71.0625 42.375 
97.012 100.293 109.098 134.932 145.676 124.909 144.343 138.246 103.357 128.304 117.833 136.037 126.625 124.521 135.185 127.094 141.14 120.762 124.783 135.116 130.121 107.567 114.764 160.622 118.874 128.218 106.394 128.182 129.918 135.866 108.127 117.893 
87.6 146 99.4 56 96.6 180.8 171.4 109.2 37.4 183.4 141 203.4 94.2 100.8 93.2 114.4 54.2 182.8 74.4 152.4 150.4 70.4 185.4 68.6 209.8 118 75.6 53.8 128.2 62.4 147.6 176.2 
84.375 151 102.875 51 95.125 181.125 169.875 111.5 34 188.375 137.25 199.75 100.25 103.5 84.875 107 51.75 185.875 78.25 147.75 158 65.5 188.375 71.875 212.625 113.375 73.25 56.375 128 62.625 153.125 172.375 
89.5 151 103.5 53 93.5 188 169.5 107 39 186.5 134.5 202 99 106 85.5 106.5 51.5 188.5 76.5 152 151 71 191 61.5 216.5 111 74.5 55 123.5 66 149.5 176 
84.2381 151.476 99.5952 51.8095 96.3095 185.476 169.381 107.548 36.2381 186.31 139.19 200.31 100.357 103.857 87.7857 113.952 53.7381 186.119 76.9286 152.31 154.286 69.4762 188.381 65.0952 213.595 115.714 75.1667 55.0714 123.905 64.4286 153.762 177.333 
84 157 96.5 58.5 99.5 184 165.5 105.5 35 188.5 138 197.5 96 103.5 87 113.5 54 183 80 153 157.5 71.5 184.5 65 218.5 119 77.5 56.5 123 66.5 155 177.5 
88.75 153.25 99.5 46.25 96.5 182 167.5 103.75 34.5 188.5 138.5 204.5 99.5 104.25 92.5 119.25 58.25 184.5 84.25 154.75 155.25 69 188.75 67 217.5 122.25 76.5 53.75 122.5 66.75 155.25 179.75 
87 159 96 65 97 193 164 112 49 200 157 202 102 107 73 99 64 192 80 136 159 71 196 74 212 114 69 52 123 54 177 195 
141.172 206.156 76.1094 150.75 181.938 148.453 159.656 88.375 76.7031 119.656 199.281 106.453 99.9375 203.891 36.7969 112.844 179.203 171.016 186.781 79.6094 78.8594 212.344 204.172 155.438 180.5 50.6094 32.6719 198.422 68.375 197.656 69.0625 119.172 
